
2020-05-16T17:50:35.623, randseed: 1234 
Data set: ailerons   
    id_train:  1:1000;  id_test:  1001:1100;   posx: 1:40;   posc: 1:12
BTG model:  
        ["Gaussian", "Gaussian"]   12 ;  rangeλ: [-1.5 1.5];   rangeθ: [10.0 500.0] (single length-scale: true) 
Absolute error history 
 [4.6007302616778785e-5, 0.00011378729434622677, 0.00013696805287950303, 2.7538712913283982e-5, 0.00016823056982485322, 0.0001596164335830858, 6.44613662789369e-5, 6.316997523333389e-5, 0.0001529996353375467, 0.00015105620580478814, 0.00013570078321785265, 6.584131567403365e-6, 0.00018594450590632568, 9.226968577287801e-6, 6.165437966012947e-5, 0.0002296671907911921, 0.0002656112954602742, 0.00018832101927936822, 8.879807744392309e-5, 4.1971997483483746e-5, 6.71546611710883e-5, 4.87943911345784e-5, 0.00032548408544907296, 8.779945125896743e-5, 6.400594977840269e-5, 0.0001649528620843348, 0.0003549892835331544, 1.2704939681848601e-5, 6.453667543532314e-5, 0.00018093852871199303, 4.796510915344352e-5, 6.481411053480847e-5, 0.0001600107003403413, 0.00022682067478378232, 0.000241293762192869, 2.5938242422152646e-5, 2.6590434395251054e-6, 1.0678898750947981e-5, 4.3624354756026124e-5, 0.0001247444189600626, 0.00013939875388635931, 1.286672001541431e-5, 5.3020612999278485e-5, 0.00013032617893191925, 0.0003067782368100197, 0.00011363994936311082, 0.00027012804624348095, 1.4664009980750337e-5, 4.287553684926388e-5, 7.523802221899112e-5, 0.00018413231352264447, 3.767497650090522e-6, 0.00012585547599638176, 2.0231235028319943e-5, 0.00026698978342672955, 0.0002820868706578008, 8.338533150904179e-5, 0.0001861751408265678, 0.0002368451784498137, 8.472107381662952e-6, 4.796243483972079e-5, 8.075965857601514e-5, 0.0006211937370650469, 6.129648993566297e-5, 8.069348475425806e-5, 0.000118258515595262, 0.00015553224219920546, 4.989054681228786e-5, 0.0007920127648774094, 0.0005427899686604349, 3.1202074317465515e-5, 0.0001457468595079444, 6.167034856595323e-7, 1.600092362453445e-5, 0.00015485948165205594, 5.959310531880558e-5, 4.417436542584357e-5, 0.0009132869222224995, 0.00012227387339042248, 2.791127453825805e-5, 0.00020431769626607477, 5.810525940182665e-5, 0.00013556510069514225, 9.12496054816615e-5, 9.104546558596019e-5, 0.00012155219670978873, 1.620879549562638e-5, 7.566181661531094e-5, 2.4390514470675373e-5, 7.738322112844833e-5, 8.653283548303329e-5, 0.00011180063905763971, 6.435327191163466e-5, 0.00010697163764957103, 0.0004660194718296817, 1.5184745087632335e-5, 9.361484297851067e-5, 0.0001175433675771044, 0.0001547820660611454, 0.00011321081904233849] 
Negative log predictive density history 
 [-0.3474163591580644, -0.4359458379962277, -0.7889541327960965, 0.018057196687401748, -0.7165915405401347, -1.0510411918320852, -0.7123078383906171, 0.19269253602853093, -1.3340777575107234, -0.8750097914539376, -0.73849625167115, 0.04334986572752103, -1.09845822354775, -0.2968350854330701, -0.6057469370455788, -1.3032708267182758, -1.557489865011434, -1.1168593805838325, -0.3180516132101353, -0.1813371977690733, -0.2691422239765622, -0.03589933145960593, -1.6340416987008848, -0.3158696175259934, 0.18256821187172348, -0.9399716378728564, -1.7181668077538192, -0.2987985173657119, -0.8992506582604404, -2.7755409063284664, -0.19253302953222676, -0.09408317070992094, -0.9189467007698406, -1.6391754719611618, -1.3364172070665157, -0.15863133903348245, -0.13567547368167338, -0.13875232658487657, 0.162861767426906, -0.4290424986723865, -0.8299896555162124, -0.43651861448711543, -0.7988154380293415, -0.6459436335217137, -1.317604266215158, -0.7345237171356369, -1.3463599648893088, -0.15137137267070058, -0.333928883304664, -0.3063865727460939, -1.6197873857094855, 0.04755526168367966, -0.48141111010498727, -0.15223788572537145, -1.257795288793144, -1.8934173893530828, -0.028144738780377543, -1.6466510533110963, -1.3502911679312102, 0.2579618200009229, 0.3268624236156899, -0.3379379985161133, -2.977688858973282, -0.36612078888752486, -0.5412535209958033, -0.6779648581738252, -0.8989515156340036, -0.20800217195942933, -2.9009057889479957, -3.1981791988079826, -0.1627157606652039, -0.81727758638966, 0.26594660469585435, -0.5623753141506393, -0.8612667524497184, 0.07801105730442065, -0.18631551413674077, -2.3677376865082205, -0.4162071897013528, 0.22140570268139925, -3.513639853066298, 0.08828906730863707, -0.5906952332108992, -0.33099343554575056, -0.2238390907025515, -0.5458383436789263, 0.24827819767608025, -0.14547353190184759, 0.22724392423510623, -0.28114894345645913, -0.7459135436861829, -0.41417642760060064, 0.052342390498343175, -0.5068463129903004, -1.7847155329667166, 0.03831224236491479, -0.41223348028621526, -0.37100545833487797, -0.9372700315085633, -0.7284365702638175] 

2020-05-17T02:59:04.691, randseed: 1234 
Data set: ailerons   
    id_train:  1:1000;  id_test:  1001:1100;   posx: 1:40;   posc: 1:12
BTG model:  
            ["Gaussian", "Gaussian"]   12 ;  rangeλ: [-1.5 1.0];   rangeθ: [100.0 1000.0] (single length-scale: true) 
Absolute error history 
 [0.0001308825550846945, 0.00028865031751671534, 0.0006187602826928603, 0.0004244578000925286, 6.969612549927889e-5, 1.970508413528377e-5, 0.00013723158702666125, 0.0002805477899370388, 0.0009638166944574445, 0.00038434842875885846, 0.00020041316445169877, 1.5421946823788155e-5, 0.0002013749442650953, 0.00011172504615739379, 0.00043788586448926267, 6.075074487279044e-5, 0.00047820815213051417, 1.661247292459038e-5, 0.00021350069833739598, 6.375121590738758e-6, 9.745682092509667e-6, 4.153039225403255e-5, 0.0004283418942090031, 3.7722653643260844e-6, 8.025449049587534e-5, 0.00020375842213456587, 0.0009626269599490932, 0.0001092081201609855, 0.0005309856557514301, 0.0003916905866462893, 5.012712075444276e-6, 0.00025835148555791016, 0.0003764531617373699, 0.0009193142623729088, 0.0005136942755676108, 0.00014657454251044836, 6.690779252264251e-5, 7.82364704523318e-5, 0.00032933298564433655, 0.0006664143291248849, 0.00036751074702863154, 9.048979119529973e-5, 0.00021492123014403997, 0.00036831624936071636, 0.0003146857691489061, 0.00019306785877460687, 0.00017570933100323808, 0.0004376767705896019, 0.00017285928319541257, 4.589333333335276e-5, 0.0003547154894993619, 0.00015096210217991322, 0.0002610524164997628, 0.00029701975837562427, 0.00038744651907927745, 0.00017813076285790486, 0.00029192758058307916, 0.000247231000184658, 0.000272711085077207, 7.87441872299239e-5, 0.00020449424054621868, 8.90785088585945e-5, 0.0011407523347524314, 2.2529337920889378e-5, 0.0001310067889141814, 0.0001255580754087398, 4.3782877912999915e-6, 1.5551606374110145e-5, 0.0014939262180094287, 0.0007985443296089648, 0.0001905735285946074, 0.00014438204785988606, 0.00025492621920250645, 9.028886972216744e-5, 1.4611386504788338e-5, 0.0005721714872086606, 0.00018795985535273593, 0.0018018810956105104, 0.00019110065795201572, 0.0004219892439329076, 0.0003719264207121189, 0.0006575386448812927, 8.373396630940901e-5, 0.0013068163699063427, 0.0001705735603703941, 0.00011598007421696695, 0.00025113773818574356, 0.00014872966400563065, 0.00017897412460221563, 1.7581143058849834e-5, 0.00017964792482313995, 0.00032617355440475173, 0.00021259729443835848, 0.00013363049222419384, 6.750186060971606e-5, 0.00011469884713303483, 3.8539991282591796e-5, 0.0002936419379721627, 0.00020981300739555714, 0.00012010985177157989] 
Negative log predictive density history 
 [1.1528962675692884, 1.1869545324971496, -0.4691783851409354, 1.1547795492582338, 1.4795582609496503, 1.4957961235368773, 0.6324923525490117, 1.2351121017045437, -0.855801667622761, 0.2891160176053893, 1.007682581825942, 1.7963017379831927, 0.8763223175550515, 1.2226634687785625, 0.005267682851458814, 0.6629338506691456, -0.027006911409548653, 1.0252245175669907, 1.3594858694027303, 1.4997030315045634, 1.5029217626524911, 1.7866077117977874, -0.07594959411599611, 1.4988933070466806, 2.377572396537103, 0.8732611095565456, -0.8529814172977765, 1.1879912336348084, -0.06790153574899287, -1.3549999027913524, 1.5009009728031624, 1.4724681367295802, 0.3224995901776112, -0.26605789706436384, -0.06297586893026362, 1.423106561825589, 1.4688088250908433, 1.4780302278154633, 1.3321033257897703, 0.700471353124487, 0.7497445384088849, 1.001731631266116, 0.4530505845720033, 0.23279964324026695, 0.38140319771997777, 0.7377780610796808, 0.07610648471435254, 1.0848408360647745, 1.0803072381867085, 1.4960391666806316, 0.8173205844837721, 1.658006158297132, 0.5681506862655437, 1.2611971114279386, 0.26091121957343805, 0.7587628600251344, 1.174000400005084, 1.4379275868967936, 0.5191908793644302, 2.0637560790567036, 1.6880034812022475, 1.4389225063867714, -1.5334901402637133, 1.2430157409538867, 0.9704194876082389, 0.9731959501434799, 1.2495206415724016, 1.4994283529426697, -1.3664759250110217, -0.7461134231516372, 1.1258476011005878, 0.9579089678047106, 1.5674485016073798, 0.8184888820293441, 0.6707298501576042, 0.6096341912086322, 1.3848639778530365, -1.57220090807584, 1.7656621769292373, 1.044426718633246, -1.1580385603798626, 0.3690311472909559, 1.2120798653822753, 0.003072877843955781, 1.6231748280346405, 2.1993469216193935, 1.57979470475344, 1.6587496450923451, 1.8010952428037958, 1.494707660777334, 0.6117058308209354, 1.2283063435466934, 1.7000917829118318, 1.3467804166424606, 0.39788970260791484, 1.7099764921500176, 1.4958967784097128, 1.4449044499697634, 0.581165736221029, 0.8027486544599556] 
